2238245
2390259
2380537
1975
2361643
2380888
2189236
9733
156531
1888479
2400276
3714
6580
2403804
4434
19353
2223775
2251005
2231372
2274721
93
1902977
799656
2380543
2213744
1864069
2205174
2368051
1860983
2237507
2242903
1903457
2204707
2397679
2207915
2296301
3337
2353999
2274712
2361779
2259557
2403801
2290810
2380410
86
2194168
2176960
2338628
1867286
9683
1760
2381062
2202834
2274713
558247
2380545
1903167
2400275
2380896
2174679
2286806
2276834
2373917
31479
403
2260884
2380906
2380892
13374
2274709
1865989
2380900
1112
1863532
2283305
2208423
98
2380540
1861938
3073
2403800
6065
2250349
2266949
1834
411
1860268
2298311
2276467
2380889
12434
2201578
2359762
2216946
2380885
2204213
2299749
31254
1860620
2380898
2274720
8659
15836
2020156
2380901
2357593
2257253
2249215
2242443
1867419
1865801
2011599
1200
2176176
12276
2180913
3087
2380534
2339982
1869770
94
1862270
2364240
6623
2274707
2201375
2364408
27
2380904
2244148
2380894
2380895
2180209
2180804
236659
2282432
2194823
2380536
2242069
2022678
2380890
1864045
2399906
1862503
2305071
2380531
2380539
1867048
2403802
6904
2274722
2403849
2380914
6060
2380910
11240
2380913
5302
2209830
2400273
2280892
2274724
2390258
2359921
327354
2362149
8448
2367404
4863
2288957
2275734
1866101
2023564
1942508
69
2202959
2341323
2274711
2293444
2079
40342
208038
2274714
2341715
2371612
2192942
1208
2401501
1866285
1867634
41446
2287037
165
1878207
2225139
2379832
9969
1900168
2186831
2380532
1877212
1903112
2380538
2359571
2380887
2380409
2289722
2380886
2016521
2274708
3826
2210548
2380911
2021487
2274710
10770
4438
2341272
2199207
2403803
3276
2229276
2274719
2390261
1868057
2380912
2295094
2274716
2380542
2380544
2380915
2380893
2193106
2380891
2380546
2380909
1866051
2176127
2020038
2274723
6068
2270657
2352557
2013197
2365325
2403848
2274718
1888512
2193742
4885
2379524
2244147
2257250
2380541
2202960
2251004
2380907
1750
2380897
2185167
2390262
1019
2299231
2349685
2374255
2274715
2380884
1867381
2013052
2338627
11419
2341782
2403850
1888305
2015455
1865864
2364131
2360947
2248407
3341
5516
1903153
2277489
456130
31900
2390263
1866861
33611
2380902
2380533
2380905
1947855
2363793
2022059
2335210
2400274
83
1867441
2174836
2364429
361567
2349714
2380908
1867584
2036
1995
2247344
1366
2401335
2243381
2229974
2380899
2183631
2177853
1867085
2239535
2414
2380535
2366072
154586
2274706
2380903
1867670
1864197
2397680
2177041
2247634
4291
2260417
2231199
2376206
15795
2214014
2368052
2223533
1903041
2376920
2176571
2364135
3340
2247660
1866928
2022988
2227031
2360344
2175
2274717
967537
2173
2402481
5306
2390260
11047
1860188
29636
2226550
1872171
156591
27211